010000001001110111111111110
110000001001100000110101111
010000001101010001011011110
010000001100101001111011100
101111111100000100111011100
110000001110001001111001111
001111111001010010001001100
010000010000101110111111000
110000000011101100010001001
110000001100011011110000001
001111111110010111100011011
010000010001010001110101001
010000000010000011111001000
001111111011101000110010101
010000010000011001111011011
110000010000000011101101110
110000001100100000001010101
010000001101100011001111110
010000000001010000011111110
101111111110011010101010101
010000001110101111011011110
010000010000111000110001101
010000001110001000101000110
010000010000011100111001101
010000010001100000011000011
010000010000010000100100111
101111111000010010010010000
010000001000100000101101100
001111011000010010101100111
110000001010000011110110111
101111101111110101011101000
010000010001001000001101111
010000001001101001010001101
110000000111100110110100111
110000010001010110010001100
110000001001111111011001011
110000000010000000111000011
001111100101000001101010110
110000010001111111111011011
010000001111001011010001011
110000001011011111100110001
010000010000010101011110010
001111111110000010000000001
010000001001001110101000111
010000000100000111011000100
101111110110001010010001010
010000000001100101110011001
110000000100100111000000010
110000000110101011101111010
101111111000110000000001011
110000010001010100001101000
001111101100111100101101011
110000001010010001000001000
010000000110101010111110100
010000001010100111000100000
101111111101111011000001001
110000001011010001000100101
110000001001111101100110100
010000000010110010100000001
010000001110111111110000001
010000001100111001111110001
010000010000001110110111001
110000001011001000110110010
110000001111110000111011010
010000010001101110001111110
010000000101101110110110110
010000001101010001110110011
010000001001011111100010111
110000001000001000111101011
010000010001100000100011000
101111111010000101111110011
101111101000001000111100010
110000001010100100001111000
001111100010101110010010010
010000010000000001101100001
110000010001100101100111110
010000000010101100001101011
010000001101011100101100001
110000001110011101001111001
001111111110110010101001011
110000001100011011000010001
010000000111001001101100001
010000001010011010111000010
110000001000101111010001011
010000001100101000111000001
101111110010100101110111100
101111111001110100000010100
110000001001110101011011001
110000001111111100010011011
010000010000100111100000011
010000001111100000011010100
010000000011111111110100010
101111111011111101010101110
001111111011000000011010101
110000010001000100101110101
110000001001010000010100011
110000000100100001000100111
010000010001001010110100010
001111111110101101110111001
001111110010111001111100110
