110000001000101110111001011
110000001000100010011010001
001111111100001010100111010
001111101001011010010011100
110000001101000100101100001
101111100010010011001011100
010000010000100011101001101
001111010100000111011111001
110000010001010100111011010
001111111001011001011100100
110000010001101010010101011
010000001110110111100111010
010000001001001100000100101
010000001001100010010111101
010000000100011001110111111
101111110100001101101011010
110000001110111101111110000
110000001101001011000110100
101111101110110100111111110
110000000101000011100001110
010000010001100000101000101
010000001011100100011001110
001111111110001111001110111
110000001101001001001110110
010000001111111110001110101
001111110000000010111111100
010000010001011001000100110
010000010000010011100110101
001111101010000001110100011
001111111100001111101001111
110000000100110111111111010
110000001011010010010111100
010000001100001011110010010
010000000101010101110010001
110000001111011100101011001
010000001100000111100000100
101111101010110000101000110
110000001000010010010010111
001111110101111100111001010
110000010001110010100000000
010000010001001000010110011
010000000101000001110011110
010000001101100101000111101
101111011010010100000110100
010000010000110000000001111
010000001101111001110100101
110000001011010001001000011
110000000100110011110111111
110000000111000000111011010
110000001111011111001111000
110000000011101110011111110
110000001000101111101000111
110000001000110111000000010
110000010001111111010110011
101111110100110101011101110
110000001111001011001011010
010000010001100011111001111
001111110101101010011001010
010000010000000110000110100
010000001110111101010101111
010000000000011011101010011
010000001010100001100100101
010000001011110001001010001
010000010000010000011111111
010000001101101000110010101
110000001000101011000101001
110000010001100110110000101
101111101010010110001010001
110000010000001001001010001
010000000010101100100001100
010000010000010111011010011
001111101010000111001111000
010000010001001100110011011
010000001000011111011110001
010000010000010010100111001
010000001110001011100001010
010000001001011001110000010
110000001010010000111110111
010000010000011100101101101
110000001010010010110111000
010000001111110010111111011
010000010000001101110111011
010000001111010010011110110
101111111011011001001110111
110000001011000101001110011
101111111111101100110110111
001111111010101111010000110
001111110000000001101011000
001111111100111100100111111
001111111000011011100110000
110000000001100100101000000
001111110010001100000010100
010000001100100000001000011
110000000100000101001001100
010000000010011100111001100
010000001010000001001110000
010000001010111110000010100
101111010110010001011110010
010000001010001100010110000
101111100010111011010110111
