001111110111010100010011011
001111110000101010110010101
001111110101111100010011111
001111101010111000111001101
001111100100000000110000011
001111110100110111000110101
001111100010010001110100100
001111101110100010010011101
001111110100010111010100000
001111101100000110000100100
001111110000101001110001011
001111110110100001001011111
001111001100000101000010010
001111101010110011011110001
001111101100101011010110011
001111110001110011010111101
001111110100100001001101010
001111101111111111011111000
001111110001000001001111101
001111110101110111000001100
001111100011100101101011010
001111010100101011100001001
001111100101011001001001000
001111101100000000110010000
001111110000010101111000101
001111100100111110110100100
001111101000101011010001100
001111110011010001001111001
001111010011101000010111000
001111100001010111000101011
001111100110110001101110100
001111110000100101100000000
001111010000101111100111011
001111110100110110001100100
001111101111111111010110001
001111011101001100001100001
001111110001101000111000010
001111100101010011111111101
001111110011011110011001000
001111101100110000110110111
001111010100001111011011000
001110011001000011110001011
001110101101111110110101001
001111110011100110101010010
001111110110100000010000001
001111101011111111111011000
001111101101010010110000110
001111001011110110001111001
001111110101111110100111101
001111101011000101100010100
001111100101000110101001110
001111101100001010101011001
001111010000000100111101101
001111110110111010010010011
001111110011000100100111111
001111101110110111010001001
001111101111110000011011110
001111010010011111000110101
001111110011101100100000100
001111100101101010111111110
001111100110000001110100010
001111101101111000001011100
001111101100000101000110101
001111101100010100101110010
001111001110010000010000001
001111110011100000001010001
001111101000010001100101111
001111110110011010001110111
001111101000110011101101110
001111100010110110001011100
001111110111100111011111000
001111110110000011100110100
001111101110001110010111001
001111100000010110000000101
001111110111111000101100111
001111110100000100000110011
001111101100000000110101101
001111110000110011100011010
001111101001100010101100110
001111101011000010100001110
001111110001101101001000111
001111110010111000000101011
001111110110111001111111011
001111100101000010111001101
001111110100101011011100011
001111110110111100001100000
001111110110100101101010100
001111110011011000001111010
001111110100111001000001110
001111110111010101001000001
001111101111001000001101000
001111110010110000010010100
001111110001010111000001101
001111110000011001011010101
001111110101000110111000010
001111110011000000111110010
001111110001010000011111111
001111110001111101001100100
001111110110110101110000100
001111101101010110000111000
