101111101111100111101000110
101111110001100101111010010
110000000000100101000100010
001111111111001011000011010
010000001101000110110101011
010000000110110000010101111
001111111000101110111010011
010000001100001110101101001
110000010000001001101010001
110000001010011100110000000
101111101100000010011110111
110000001011000110011001011
010000001111010111100001100
010000001100100101100000001
001111101101100010011000110
010000000001011010000100010
010000010000110011001110011
110000000101110111101101000
110000010001000110110110100
110000010000011100111111011
001111111011000010110110101
010000000111011110111001011
001111100100000101111000110
010000010001111100011000100
110000010000100011010011100
110000001101101011101110010
010000000000010001110011011
110000000000000000000011101
110000001110110101111001101
010000000010100111111100110
110000000010000010011011111
101111110111011001100110000
110000001001100000010001000
010000001011100110010010011
010000001101000111111011111
110000001110111101000101001
010000001110110000101000001
010000001000001000001000010
010000001101110111001100000
010000001100100001111111000
010000001001000101001100001
010000000010110011110010000
001111111011000111010010011
110000000100000111011110010
110000001010101011100000111
010000000001101101111001001
010000001000100010110111101
010000000010110100100100001
010000001011011000001010100
101111111110111011010011010
001111011100001001010101101
010000010000101101000011110
010000000010001011100010110
001111111011010100111111100
001111110111010000000110010
110000000111111001000111101
010000001000100011000010110
010000001010101101010101001
110000001110001011000011010
101111111101100010001001111
010000000010110101001100010
110000001001011000111110001
010000000101101000001100110
010000010000001100010011001
110000010001111111000011010
110000001111010101010100000
110000010001001101011111011
001111010100000100000001001
010000000110011010110000101
010000000000011001101011011
110000010001100000011011100
110000001010011011100000111
010000001011001111001010101
001111111110111110110100101
001111111010111110101001011
110000000110110001011001000
001111111001000000111000101
010000000110101101111110110
010000000101101000110101101
110000001100001111010100101
010000000001110101101101001
001111111101100111000111010
010000001111010011111011010
110000010001100111000110011
010000001101101010101001011
110000001111010101000010100
001111111010001100111100011
010000000000101001000000111
110000010000010000000111100
010000000101110000111100010
110000000010101101001010100
110000001111010111001000011
110000010001100001110011000
110000010000100011000111011
101111111001010010100000110
010000001010110101111001010
001111111100101011101001110
010000000010110011011111000
101111111001011011001010000
110000001011000100100001010
