001111110111011011000110011
001111101011100010010001000
001111101010100100110101000
001111110010100000011100101
001111110100110100001000010
001111101110000111100111100
001111100001000101110100111
001111110001011001010000100
001111100100111011110111100
001111101011001001010001010
001111110100101010100001011
001111101011111000101101010
001111110001001101001011111
001111100000100001000011101
001111110111011010000010100
001111100000101001101011001
001111101110110010101111011
001111110011000010010000001
001111011111001000010100101
001111101110001000001101100
001111100100000100100000001
001111110001110011110111001
001111100000110101100010111
001111110110111110000111101
001111101001101010000000111
001111110001011111100010111
001111110111010101110100010
001111100010110110111101111
001111110100001001110011000
001111101011110101001100111
001111110111000110110011001
001111011101000011110101100
001111110010001000010000100
001111110110001001101010000
001111100001101010000111100
001111110010011110001110110
001111011100101110101100101
001111101010011110111000010
001111110110101100011100000
001111110110011100101100010
001111110110100101111011100
001111110000111001100011000
001111110100001111111111010
001111110010000101100011110
001111101101000101100111110
001111101010100101001111000
001111110111100011101100110
001111110000000100100101100
001111101011110100110100100
001111110011011110001101001
001111110110101110111100110
001111110110110110010011110
001111101110101010111100110
001111101111110001100001111
001111001101000101111100001
001111110100010011101011111
001111101101101000011001101
001111101100011001111100000
001111101000010011101100001
001111010000011011011100010
001111110110100110110011110
001111100101101110001001010
001111011011011100101111111
001111101100000100000001011
001111101101111111110111101
001111110001000010100100110
001111110110101000100011101
001111101010010100110001110
001111110000110011111001101
001111101100111000011111111
001111110110000001001101010
001111010001111001010101010
001111100001000010111001110
001111110100101100010010101
001111110110011101111100000
001111110111000100010000011
001111100000111101000010010
001111110110111110100010101
001111110101011011001011100
001111110000100101010101101
001111010110111010001100101
001111100000011001101011111
001111110100101110100110110
001110010111001100001010101
001111110011000111101111110
001111100100111000101011101
001111101010010010101000010
001111110001100000101110000
001111110010110111101111010
001111010011010101010110110
001111110001001111000011000
001111101101010111101010011
001111110011000010110100010
001111110011010111101011111
001111011110011100111000100
001111100110011011011011100
001111110001010010001000001
001111100110001110101011001
001111110111111101011110100
001110101111001100011001110
