101111111011001111111011000
101111101110111110100101111
010000001010011011110111100
110000000111011000111010101
110000010001110111001000001
110000001100010101001010110
010000001111000011000110111
101111110101110010010101000
010000001110000011000110001
010000001010101000011010101
010000010000100011100111001
101111111011010010011010001
110000000110010110110100110
010000001111000000011010000
101111111110000101010111101
010000001110101101001011010
110000000100000001101111101
010000010000100101100100110
110000001100111011000000100
001111111010011111111101001
010000001101010101010100110
110000000110011000010000011
010000000001100110100110101
010000001000000001010010010
110000001100011111101011010
001111111010010000100101000
110000000000100100011111101
010000001011110101101001101
110000010000110001000111101
010000000010111110010101100
010000001110000000100110101
010000001001101100110101110
101111011010000101100001010
010000010001010010000001101
110000001011010110000101011
110000001000110000100110110
010000010000000000101100010
110000000111101101100110011
110000001111000111001000010
010000001001011000110000010
110000010000100010000110110
001111100011101110000111010
010000001110100100001101111
110000001010110111001001110
010000000111111011001001011
110000001010110100100110000
001111110110001101011111011
010000001001000010001110001
010000010001000101110010001
010000010001010111011001110
101111111101100001101000010
110000000101000001110000001
110000000100111010011000100
110000001010001001010110010
001111011011100101010111110
110000000100110110010000101
101111110111000010000010101
110000010001111100011000100
010000000111011011011100110
010000010001011001001001110
010000001110101101110000000
110000001010010000110110110
101111111101111011001010000
010000001011111011001001100
001111111010111100001101001
110000001010100111001011011
110000001101100010001110011
010000000110001110011001111
110000000101010101110011100
010000000100111000100110001
010000000100101000001001111
001111100011000110101101010
010000000001100110101110010
001111110100101001110110100
010000000011111100111011100
110000001101011111101010001
001111111011111011011110001
101111111110100000111101001
110000001110110001111111111
010000001110000001111110110
010000001100011110100000000
101111111001101010000100001
110000001111111101010000001
101111111001111110101011010
010000000101101111001101011
110000001000101010111001111
101111101011111011010110100
010000010000111011011000001
001111101010011000101010101
010000001111101011010000111
110000001110000100010111011
001111111100110101110100101
110000001100101100111100010
010000000111100100110100111
110000000000110001101010110
001111110110001000001010000
110000001110101110111011100
010000000111010110001000010
110000000111100100000010111
110000001100011101101101001
