001111110100110101101110011
001111100010001011000101100
001111110111000100010101101
001111110000110111110100100
001111100010001101111110111
001111010010110011110001011
001111101101000000000001110
001111110111001100111100100
001111101001011101110111101
001111101111110110110110111
001111011001010101001000111
001111100101000100010101110
001111110010101101110110001
001111110100100000000101101
001111110110001010000111001
001111101101100100010110110
001111101000011100101000000
001111110001100011000111101
001111110101110001010011010
001111010100000111000100110
001111101011011111001100111
001111011111110010011100011
001111100111110011101000111
001111110101010011000011011
001111110101000011011111001
001111101110011010110100110
001110111110101111110000000
001111110000110011000011111
001111101010010111010111001
001111110000000001011011000
001111110011100101101010111
001111101011110000011010011
001111110010011000011001001
001111110001001000000011101
001111110111001111111011000
001111110111001110111001101
001111101001011100100000110
001111110011010100011110011
001111110001001000000010111
001111100001011010000101000
001111101010100111001100111
001111011101110110011100101
001110101010011010100101000
001111101101111011001001101
001111101111000110101000001
001111101101101001001011101
001111110010010011011001101
001111110010110001000001100
001111110001001101011100101
001111110100010110011110111
001111110111010011110011010
001111110000110100010010000
001111110001100011101011010
001111101000010000011000111
001111101010101001001110010
001111110010011000101001010
001111110011010001101001100
001111010100001011110010100
001111110010101011101101101
001111110110100000100110000
001111101001110110111110101
001111110011010010100100110
001111100110111111001111110
001111101000100111000000010
001111101101111100010001000
001111010100000000011101110
001111110110011101011101110
001111101010101100001100101
001111110101111011101101110
001111101110011110100101110
001111101010001101010110010
001111110101111011001100101
001111110001110001101100011
001111110000001000000100001
001111110101111000000011110
001111101010110001100100010
001111110011011111000001011
001111110010001000001011011
001111000101101101000101011
001111010011110100011111111
001111110111011010100101000
001111110100110110000010010
001111101010111000001111110
001111011111011011111011011
001111100100101100110111100
001111110101010001110000101
001111101010110110101011001
001111100010100101111100000
001111110100011101011111001
001111110011101100001110011
001111110011110000011001100
001111100010011111101110100
001111110101111100111000101
001111100111110101001000011
001111110110100101011001001
001111101111001001010001010
001111110110001100100100001
001111110101111110011010000
001111110011001111100110111
001111110000010000001111010
