010000001111110011101111101
010000000101011010011001100
110000000111010100101011101
110000000101101111100010100
101111111000010110011110100
010000010000101100111001001
010000000001101101010111011
010000000001101101111001000
010000001100010101110110011
010000000001100111011101011
001111110101100000001101110
010000001011011011011111000
001111111011011000111100111
001111111011011100010001001
110000001010100110110110010
110000001010110011011110111
110000000110011010001110011
001111110010000010010111001
110000001000110110111100101
110000001001010110001001010
001111110000010000101101000
001111111001101000101100000
110000000100111111011001001
010000010001000000000101011
110000001100101100001111010
001111111000110101000001101
110000001000010110001101011
010000010000110111100111010
010000001011011110111011000
110000010000100001010100001
001111111011101011001001010
001111111001000010101110110
101111111001101101101101101
001111110100100100100101000
001111110111010001101011011
110000001001000001001010101
010000000100111001110111010
110000001010100101100010100
001111111011110011101001000
010000010001100001001011010
110000000111111010111000100
101111111011111001011011001
010000010001110001010110111
010000010000100110100111010
110000001000011100110011100
110000001101011110000101000
110000001111110010111101100
010000000000110001001100101
010000000101001011000011100
101111101100101000000101001
110000000001001001100110100
010000010001010110011101100
001111101000000111010000000
001111101010011110000110010
101111111110011010001100011
010000001101011010100001010
101111110101101001110110010
110000000010010110110111001
110000000111001001101010001
010000001111000011010110100
010000010000001100111100101
010000001011011001101011010
010000001010001000011100100
110000010001110100011010100
001111110100111100001001101
110000001000101111000000011
110000001001100001110110100
010000001000000101100011011
110000001001011001000011011
110000001000100011001110100
010000001111100010111001010
110000001111111101110011101
110000001011000011101110110
110000000110110001111001100
010000000001100111011101010
110000010001010010011110101
110000001111000011100111011
101111111000100011011101101
110000000111010110011011010
110000000110010111000101011
010000000111100011110011000
001111100000101000100110111
010000000011111111110001011
110000001011010101001101100
101111110001101100100000110
110000000111110011110011100
110000000100011110101011100
110000010001011001110110001
010000001100111110100001110
010000010000111011101011100
101111111111000101110010110
101111101010010110010100110
010000000101101110011110111
010000010000000101101111000
010000000110001101101010010
110000001011110010010000110
010000010000101010111110101
001111111111010111100101111
110000000100011111001000000
101111111100100100100000010
