010001000011001101111100111
010000101010001000100001011
110000100010001010100100110
110000100110110011010110110
110000100011010101100100001
010000100111111010101001010
010000110111100001111011001
010000110100010011100101000
010000111001111111011101011
010000110011000110110101100
110000010000000100100110100
010000011111011110011001110
010000000000101110100000100
010000010100101101101011101
110000001111010111100110101
110000001101000001011110010
101111100101001000110100001
010000011111000010001110000
110000110011001011101110100
110000010110001110010011100
110000001011000000000101101
010000010011110000110011100
110000110011011101000101000
010001000011010011111000000
110000111000100100000101000
110000001000001001011000100
110000110010001000101111100
010000110010000010100111111
010000111010111110111011011
110000101011010011001101000
010000011001101000110100000
010000101000001111111110010
110000100000100001010101100
010000101001111110100110111
010000010111010001000010100
110000111000101001011000100
010000001010010001101101001
110000111001101110100000101
010000110100111010000111101
010001000100100101000000100
110000111011011101111111001
110000100110011100110010111
010000111000111101110110010
010001000001011111000100111
110000100000011111111100000
110000111101100011110000010
110001000011110011111000010
010000110010110110101110110
010000100100110111010110110
010000000010110101101110110
010000010011110010101101010
010001000001010011101000000
010000101011101010100110110
010000101010010011111011110
010000000110110001100110000
110000010010110101100111010
110000011001011111100000011
110000101001100100111011000
110000100111010100011001010
010000110011011101011100001
010000011001010011111010110
010000101100101100000110000
010000011000000011010111110
110000010000001010101010001
010000100011011010010011000
101111111000101001111101110
110000101000111000110000100
010000101100011001100100011
110000111101001011101001001
110000011110011011011010100
010000110001100100000110000
110000111100110100011100000
110000111011110011000001001
110000100111011110011011100
010000110001101000001010111
110001000000111100010001100
110000110001110111111010101
110000101011100001100111110
110000100001011011110101100
010000000100100011111110000
010000110001110000010011101
010000011111011010000001000
010000111000101010010011000
010000010001111100110001100
110000000111101000100010100
110000100100011110010101011
110000100000110100011100011
110000111110001000000011101
010001000000110100110010100
010000100011100010110001100
110000101100010100111110111
110000001010010011111110010
010000100100110100011001110
010000111111101110011011010
101111111011111001011011110
110000111001110001101011010
010000110011100010111001110
010000001010111110010111100
110000101101001011110111001
110000100101001101010011101
110000100101001101010011101
110000100101001101010011101
110000100101001101010011101
110000100101001101010011101
110000100101001101010011101
110000100101001101010011101
110000100101001101010011101
110000100101001101010011101
110000100101001101010011101
110000100101001101010011101
110000100101001101010011101
110000100101001101010011101
110000100101001101010011101
110000100101001101010011101
110000100101001101010011101
110000100101001101010011101
110000100101001101010011101
110000100101001101010011101
110000100101001101010011101
110000100101001101010011101
110000100101001101010011101
110000100101001101010011101
110000100101001101010011101
110000100101001101010011101
110000100101001101010011101
110000100101001101010011101
110000100101001101010011101
110000100101001101010011101
110000100101001101010011101
110000100101001101010011101
110000100101001101010011101
110000100101001101010011101
110000100101001101010011101
110000100101001101010011101
110000100101001101010011101
110000100101001101010011101
110000100101001101010011101
110000100101001101010011101
110000100101001101010011101
110000100101001101010011101
110000100101001101010011101
110000100101001101010011101
110000100101001101010011101
110000100101001101010011101
110000100101001101010011101
110000100101001101010011101
110000100101001101010011101
110000100101001101010011101
110000100101001101010011101
110000100101001101010011101
110000100101001101010011101
110000100101001101010011101
110000100101001101010011101
110000100101001101010011101
110000100101001101010011101
110000100101001101010011101
110000100101001101010011101
110000100101001101010011101
110000100101001101010011101
110000100101001101010011101
110000100101001101010011101
110000100101001101010011101
110000100101001101010011101
110000100101001101010011101
110000100101001101010011101
110000100101001101010011101
110000100101001101010011101
110000100101001101010011101
110000100101001101010011101
110000100101001101010011101
110000100101001101010011101
110000100101001101010011101
110000100101001101010011101
