010000010000010001000111110
001111110111000000001000100
010000010001011010010110111
110000001110010100110001010
010000010001001100001001100
010000010000101011100000101
110000000000100111110011000
110000010001010111010000010
010000001100111100000011010
110000010001010011111010001
010000001011110011101101100
010000000011101101000111110
010000000110011000000100111
101111010000011000000100010
110000001011000011000010101
010000000111111011010001011
110000001110011101000111110
110000001001110101000010011
110000000100000000000101010
101111110000100011000010110
001111110111111010010101101
010000001010001001100010111
110000010000111010111100011
110000001110110011011100001
110000000101000001111011101
001111110001001000010110111
010000000100010100111000101
110000010000010100101101010
010000001101000010000101110
101111111001001010111110010
010000001010111111110001010
110000000000000001000111001
010000010000001101101000010
110000001110100011101010100
110000001110001100111010100
001111101000011110101100110
110000001111000100010011011
110000010001000000011100010
101111100101110000011011001
110000001111100011010100100
101111111111010111111100001
010000010001000111110110100
110000000011101111110100111
110000001101001111011000101
101111110111101101000101010
110000001100011100010001100
010000000010000011001010101
010000001011000001110100110
110000000111011111011111011
010000001011110010110001001
001111110010100000010001001
001111111000000001100110011
110000000111111001100111100
110000001100001101011001110
101111111010010010011100100
110000001100100110110111101
110000001111100011100010001
110000001001100000101111001
110000001111010011011010010
001111100010000011110000000
110000010001011010100110010
001111111100100100000110001
001111110110111110100101001
010000000001111011001100000
010000010001110000100111011
010000001011110110001110110
010000000110011000001101010
010000000100010011001111001
010000010000000100110000110
110000001100000101100110110
101111101100110110011000111
010000001110011000001011000
110000001010011001110001100
110000001101010010000110110
101111110001010000000111000
110000010000100100100011001
010000001100101100111010111
001111101011111001101001100
101111110110110010001110010
110000001110101011000101010
010000001100001000100111001
101111111101010011111110010
101111111010111011111001000
110000001111110000000101100
110000000100110101110010110
010000001001100000111010101
010000010000110110101101000
010000001000000010110100000
010000000101010100100111110
110000001101001001111011100
010000000101100010001011010
010000010001101000011111110
110000000001111001011111000
110000001111001011001110111
001111111101010001110001111
110000001001011000111000011
110000000100011111010110011
010000001111001011111010011
110000010001100011001011110
110000001100110110010110111
