-7.460264
-4.430036
-6.847738
6.005609
5.844147
6.982586
4.862649
4.120922
-8.057364
9.004441
5.310336
-1.088276
-4.479498
-7.620046
1.705355
0.119141
0.944311
6.814345
8.585272
2.320894
1.705282
5.144005
-8.482914
8.680214
-9.761959
-3.775699
-4.740574
-0.989168
-6.952440
-8.436489
-9.907316
-8.311283
-1.371723
-7.089220
0.997204
-2.980952
-5.201677
-1.654659
-0.182718
-2.615064
-5.166174
8.841012
-5.304402
-9.139524
2.954919
4.893856
-2.630308
8.587719
-1.064325
6.352554
6.231609
7.518856
-5.845154
6.886176
-5.446714
-1.395852
-1.222601
1.897921
-5.565065
-1.516665
6.020292
-0.227821
9.261771
-0.222045
-2.651267
8.265737
-3.292863
-7.864763
4.300742
3.974917
0.000449
2.353328
-6.341551
-0.201972
0.009432
-9.151377
6.362971
3.192105
6.006612
-8.330604
6.627595
0.537517
-4.160318
-6.656632
-0.206247
-8.946460
0.957418
-3.970901
3.962110
9.981608
7.637330
-0.785481
2.895291
-0.359559
-2.307618
2.341818
4.604976
8.126163
1.887125
-6.770305
