8.115839
-8.049192
9.297771
-0.292487
8.314711
-9.285766
5.154803
-6.576266
-9.076572
-3.658010
-2.368831
-0.204712
5.093734
-6.747765
-3.192285
-4.898098
9.185829
-4.849835
-5.129501
-4.978323
6.616573
-4.283220
1.356433
5.583345
-0.612187
5.885691
2.039639
4.963032
8.266747
9.922694
9.237962
7.373894
6.001370
-4.723942
1.594092
2.441103
-8.480666
-5.200949
8.895744
8.001077
-2.205223
-7.360534
-8.804409
-9.691931
4.634448
-4.073584
-6.329777
-8.377485
-1.282828
0.215431
-2.427812
8.780031
1.740894
-5.390237
-6.585839
8.467593
9.594968
-1.825603
4.224316
-3.624434
-4.750355
4.606617
-0.823023
-5.368112
-2.089696
7.703360
-4.762576
4.424550
5.581034
-3.316739
4.881485
2.197333
1.534430
-9.426517
4.253889
3.639438
-8.065399
-7.002691
2.979830
6.506276
-2.181244
-2.014845
2.559467
9.681274
-6.037632
8.406641
-1.543288
9.661049
0.782529
-7.439712
1.223996
-2.621669
7.110456
-1.434940
-5.476246
-4.191187
9.653268
-7.844620
-4.785440
-3.745622
