-9.781929
-4.282531
-2.570286
-4.294402
-4.049162
-2.864567
-9.378348
7.402183
-7.211610
-9.194599
2.370788
2.796626
1.614264
-0.737722
0.256962
-1.457941
-0.207157
9.644791
5.881692
-1.805292
-0.863099
-3.039123
-8.179884
8.944563
-5.941975
0.174314
7.462483
4.691463
-7.367708
-3.916658
6.819977
4.357347
7.187905
-7.850115
-2.070994
8.574188
-0.485366
7.516719
-9.080978
-9.069616
9.001390
-4.559541
5.179520
8.387686
-2.423080
7.386449
-9.209240
-9.417577
5.142198
0.843781
-1.254065
-7.699016
-8.836505
7.848274
-1.665952
-0.593656
-3.027595
-4.969630
-2.896129
-5.383505
-1.696169
-4.179012
1.921992
-0.357043
5.923172
-0.875967
3.713998
5.276043
-8.701050
-3.404222
4.441876
7.835591
8.431654
-4.119872
-6.330028
7.556987
-4.953788
7.719868
3.581355
-1.574076
-5.271069
4.365578
8.294978
0.006883
3.058547
2.715594
3.314757
6.600348
9.369861
-2.004503
7.235503
-5.612459
-5.455213
-7.984576
0.773284
6.536117
4.980915
2.491915
-4.866371
3.449806
