0.925783
-2.319856
-6.416528
1.347003
-8.818051
5.034678
-7.474713
3.867042
-6.185439
6.329172
7.246546
-3.760750
6.241640
6.612275
-4.928458
8.937084
-2.112623
8.978601
-3.435147
0.426823
1.865076
-0.578655
-5.682734
0.279358
5.605111
-3.266777
2.492472
-6.692457
-1.526652
5.931748
-4.464335
3.339471
3.076188
3.408233
-0.276445
-3.638034
-0.465060
-8.577730
-4.386093
-5.140741
3.136714
8.843381
5.796034
2.669151
-8.016506
-3.061492
-1.333368
7.874192
2.745227
-1.818616
5.447647
4.182549
-1.155311
-5.163510
2.169585
-9.716880
0.628518
-4.665910
-5.976719
-0.986652
-3.391433
-0.855489
-4.749570
-9.849204
1.476015
-0.565595
-0.175854
0.204323
-3.871370
7.077507
-7.942918
1.870449
-0.862294
9.005159
3.948223
4.056153
7.371726
3.265784
4.556386
9.233617
7.250910
-6.278043
3.495355
9.961446
-8.618690
-8.835313
3.544734
-8.160939
-1.571027
-8.248239
8.911533
4.494908
-1.070540
-1.516511
-4.116319
-1.805824
-1.166912
-2.284881
-3.612469
-4.943215
