010000101100100010101001010
010000101100100000000001110
010000101100011111111110010
010000101100011111100000000
010000101100100001101100000
010000101100011110101101010
010000101100100000010001000
010000101100100001001011011
010000101100100000010000110
010000101100100000000001000
010000101100100001111010111
010000101100011101010010100
010000101100011111010011101
010000101100100001100111110
010000101100011110111101010
010000101100100000100111101
010000101100011111111010100
010000101100011100111000000
010000101100011101001010100
010000101100011111001000100
010000101100100001100101000
010000101100011111000100111
010000101100100001111100111
010000101100011111001011001
010000101100100000001011111
010000101100100000100110111
010000101100011110000000001
010000101100100000101100000
010000101100011111011110010
010000101100100001101001010
010000101100100000101100010
010000101100100010011010110
010000101100100010000011110
010000101100011111101011101
010000101100011111010001000
010000101100011111011001100
010000101100011111110100011
010000101100100001000100100
010000101100011111000100000
010000101100011110101110111
010000101100011111001110000
010000101100011111111110111
010000101100011111001011000
010000101100011111001111011
010000101100011110000011111
010000101100011111110100110
010000101100011111100010111
010000101100100000001010110
010000101100100001010011110
010000101100011110011010000
010000101100100000010001010
010000101100100001010010110
010000101100100001111101100
010000101100011111101010010
010000101100100010011101111
010000101100100000001111010
010000101100100001101011101
010000101100100010011110101
010000101100011110001001011
010000101100011110100110011
010000101100011111000111011
010000101100100001000000011
010000101100011111001110011
010000101100100001000111001
010000101100100000011111110
010000101100100000100111101
010000101100011111011000010
010000101100100000100000100
010000101100100010011000010
010000101100011110100011100
010000101100011111111100111
010000101100100000001011011
010000101100011011110111100
010000101100100000101100011
010000101100100001010111001
010000101100100000110100011
010000101100011110110010000
010000101100100000100111110
010000101100011111110010010
010000101100011100111110001
010000101100011111010100110
010000101100011110010010100
010000101100100001000001110
010000101100011101101010011
010000101100011111100100110
010000101100011110100010010
010000101100011110111001110
010000101100100000010011111
010000101100100010001110000
010000101100011111110101010
010000101100011111100101001
010000101100100000101111100
010000101100011110100110011
010000101100100001000000110
010000101100011111110101001
010000101100100010001001001
010000101100100000101111110
010000101100011111111111010
010000101100011111000101010
010000101100011110110010110
010000101100011110110010110
010000101100011110110010110
010000101100011110110010101
010000101100011110110010101
010000101100011110110010101
010000101100011110110010101
010000101100011110110010101
010000101100011110110010101
010000101100011110110010100
010000101100011110110010100
010000101100011110110010100
010000101100011110110010100
010000101100011110110010100
010000101100011110110010011
010000101100011110110010011
010000101100011110110010011
010000101100011110110010011
010000101100011110110010011
010000101100011110110010011
010000101100011110110010011
010000101100011110110010010
010000101100011110110010010
010000101100011110110010010
010000101100011110110010010
010000101100011110110010010
010000101100011110110010010
010000101100011110110010010
010000101100011110110010001
010000101100011110110010001
010000101100011110110010001
010000101100011110110010001
010000101100011110110010001
010000101100011110110010001
010000101100011110110010001
010000101100011110110010001
010000101100011110110010000
010000101100011110110010000
010000101100011110110010000
010000101100011110110010000
010000101100011110110010000
010000101100011110110010000
