100.886194
99.819596
99.785318
99.505515
99.763451
99.582155
100.502450
100.368620
100.291782
100.344977
100.441120
100.022337
99.978019
100.453621
99.610695
100.024658
98.964154
100.841190
100.211275
99.800190
100.057597
99.734409
99.587229
99.513810
100.083001
100.382376
101.012147
99.371904
100.223514
99.651117
100.422881
99.612315
99.234724
100.028587
100.962470
100.295448
100.833564
99.184800
98.951864
99.525264
99.211636
99.605842
100.182215
100.474752
98.881936
100.509607
100.684265
100.127271
100.562380
101.188590
100.170840
100.421679
100.481098
100.073579
101.283340
99.104573
100.454752
99.991740
101.108134
99.382926
99.396259
99.659560
99.209265
99.718744
99.394679
99.703910
99.908280
99.892920
100.201103
99.849127
100.474598
99.876557
100.210727
101.062634
99.850892
100.685854
100.764467
99.839598
99.834670
100.529220
101.152961
100.019140
100.606358
99.882312
100.150901
99.513719
99.507876
100.242449
100.253843
100.045643
99.782448
99.594809
100.109850
100.729936
100.203775
99.299524
100.970099
99.126464
99.707280
100.387098
