100.150361
100.048409
100.038327
100.008587
100.274307
99.869912
99.981908
100.125525
100.009593
99.973689
100.224985
99.635651
99.909399
100.187418
99.884920
100.080142
100.042972
99.548283
99.618912
99.895607
100.203228
99.890667
100.270051
99.911563
100.021270
100.065326
99.707225
100.109624
99.925038
100.222817
100.076439
100.322456
100.286457
99.958528
99.880032
99.915457
99.955807
100.157395
99.905357
99.849091
99.918401
100.006666
99.890518
99.892851
99.776146
99.967191
99.928386
100.019132
100.156009
99.774206
100.031345
100.156991
100.241194
99.955647
100.291713
100.045666
100.206303
100.315125
99.746603
99.832077
99.897219
100.132910
99.913778
100.145463
100.071984
100.082936
99.922599
100.065788
100.298734
99.819210
99.987657
100.024342
99.473909
100.074078
100.174140
100.095052
99.836298
100.080759
99.974710
99.610518
99.900734
99.783509
100.122847
99.705866
99.944764
99.820333
99.866775
100.036645
100.277676
99.978741
99.949419
100.097914
99.822189
100.120445
99.976633
100.277652
100.084623
100.007203
99.887192
99.844185
