010000001000110111111001110
010000010001111010100010001
110000000110001111100011110
010000010001011110100110000
001111111111011101111101111
110000001000100001101001001
110000010000101101111001011
010000010001000001101001111
010000010000111100101010011
110000001000100100011000011
110000001100111111001000101
101111111010010011110100010
110000000111011100111100001
001111110111111100000100111
110000000011010010101010001
010000001000001000100000110
010000000101110101000001000
101111110001110001111101111
010000001111101101111011000
010000001101000010001111111
110000010001111110100100100
001111111100000001110100011
010000001100001011110100011
010000000010111001001010001
010000010000111011000001110
010000001110000001111000001
101111111011100011111010011
010000001101100111100101110
110000001010101111101010101
010000001110111000011100010
001111111110001011101000111
110000000010000000001010001
010000001101110100101110010
010000001011001001001100100
001111111100011001100100100
110000001100001010011110001
110000001011100001000010000
010000000111010100010110111
010000001010101111001111001
010000001001011110100101110
110000000001110011100011100
010000010000101101000100000
110000010000111100010010011
010000001111110010000111000
110000010000100111001100000
001111100011010100011101000
010000010001010110001110100
110000001011111101001101110
101111111011110000111001111
010000001100100000101011111
110000001010010011110000101
010000000000010110110110101
001111111111101101110111110
110000001110001001001000111
010000000111011010101101101
110000000011110010100110100
110000001001000010101011110
110000001011001010110010100
010000000110000101000100000
010000001001110101111010111
110000000101000101000011011
001111111100011101001001000
001111111011010110110001111
010000001011101111111000000
110000001111110110110110110
001111111101110101100000000
110000001101101010011110110
010000000001000111001010000
001111110001100010000011000
001111011100100110011010100
001111110101111110110110001
010000001000101001110100001
010000000110010010101110011
001111111100011100010101101
001111111100011001000010110
110000000111001101011101000
110000000011111110101101110
001111111111110101111010110
010000001010100011010101011
110000001100011100000110000
110000010001100100110010101
110000001000001101100110001
010000000010000110001011000
010000000110011000010111101
010000010000010010011110000
010000001000000100010111101
110000001010101101011111101
001111111000010110100111111
101111101101010101000010101
101111111010011001111110001
101111111000100100111101101
010000001110111000010101111
010000010001110111111001001
110000001011101000100010101
010000001011100100111010110
010000010000010101011101000
110000001000111100111000111
110000000000010011000011100
110000001000011010110010010
010000010001000100011000011
