001111101110111001100110010
001111110110110001110001011
001111110100011110000001100
001111110101111000101110110
001111100011010010001011101
001111110100100110001001001
001111011100110100000011101
001111101110001001011100100
001111101101000001101011100
001111101110111000100001111
001111110101010100011100000
001111110000010101101100010
001111110100000111001001101
001111110011110001010010110
001111110111110101101101110
001111110001111110101011111
001111110100101110010000011
001111101000110000010001011
001111100100101110000101001
001111110101101110100101110
001111110111001011110101000
001111100010111101001001000
001111110001000110000000100
001111011101111111001000001
001111101101000101000010101
001111101110011011101011100
001111110101101000001100000
001111110011101111101110011
001111100000101100101011111
001111110000110100010000000
001111110111100001100001010
001111101001110101000001100
001111101011001110100011111
001111101100111110101111011
001111100111100011100111000
001111110111000000100010110
001111110000110100111000101
001111110110000111010100011
001111100110011011001100100
001111101000000101001110111
001111110111101010100110111
001111110011100011111011011
001111101100111101001101001
001111101001001000100001011
001111110000110111101000110
001111101010010011000100011
001111110100011110001001110
001111110011100011110000000
001111110111101110100110011
001111101001011110010110101
001111100111010111101101001
001111110011000111001110011
001111101001101111011110100
001111101010010011101100000
001111110011010101000010110
001111110011011101011111001
001111110100101100110011101
001111110101001010010011001
001111101110110101001011010
001111101010001000010101100
001111110110101010110111110
001111110000001110001101110
001111010000111000011110010
001111100011011100100101010
001111011100011101101110100
001111110101100010001011010
001111110110101100110110000
001111110100110101101111111
001111110010110110101110000
001111110100100110100111011
001111101100000001001011110
001111110100111110011001011
001111010110111101101000101
001111110100011001101101001
001111110011000000101100010
001111101011101101001010011
001111110110100010111110010
001111011100110110110110000
001111101111101101011011001
001111110000000100001101111
001111001100001000111101110
001111101001011011001000010
001111101001001010100011010
001111101100011010000101111
001111110101111100010110101
001111100011011001000111011
001111101110101100001100110
001111101110010111000110010
001111110100101011101011111
001111010110101001111010110
001111100100001001111011010
001111110100100010111010010
001111101110101000110011000
001111110011010011011111011
001111110101111110110010110
001111101101111010101010000
001111101011100110000111011
001111011011011100110010100
001111011001000011110001011
001111011110110110011111110
