110000001110111010111010011
110000001000110111000010110
110000001101101100100000101
010000001100000000101101111
010000001011101100000011001
010000001101111101110001010
010000001001101110011010110
010000001000001111011110100
110000010000000011101010111
010000010001000000010010001
010000001010100111101110010
101111111000101101001100101
110000001000111101011000000
110000001111001111010111011
001111111101101001001001000
001111011111010000000000001
001111110111000110111110010
010000001101101000001111000
010000010000100101011101010
010000000001010010001001100
001111111101101001000110101
010000001010010010011011101
110000010000011110111010000
010000010000101011100010001
110000010001110000110000111
110000000111000110100101000
110000001001011110110010110
101111110111110100111010000
110000001101111001111010011
110000010000011011111011110
110000010001111010000100010
110000010000010011111011000
101111111010111110010100101
110000001110001011011010111
001111110111111101001000110
110000000011111011000111111
110000001010011001110100001
101111111101001111001011110
101111100011101100011010011
110000000010011101011101001
110000001010010101010001010
010000010000110101110100110
110000001010100110111101101
110000010001001000111011011
010000000011110100011101011
010000001001110010011010011
110000000010100001010110111
010000010000100101100111010
101111111000100000111011110
010000001100101101001000000
010000001100011101101001010
010000001111000010011010011
110000001011101100001011100
010000001101110001011011100
110000001010111001001011011
101111111011001010101011010
101111111001110001111110001
001111111111001011101111000
110000001011001000010101000
101111111100001000100010000
010000001100000010100110001
101111100110100101001001110
010000010001010000110000001
101111100110001101011111110
110000000010100110101110010
010000010000010001000000011
110000000101001010111110010
110000001111101110101100001
010000001000100110011111101
010000000111111001100101000
001110011110101101000001000
010000000001011010011100111
110000001100101011101101111
101111100100111011010001110
001111000001101010001010101
110000010001001001101100000
010000001100101110011101011
010000000100110001001011011
010000001100000000110110001
110000010000010101001010001
010000001101010000010101010
001111110000100110011010101
110000001000010100100001010
110000001101010100000011001
101111100101001100110010011
110000010000111100100100101
001111110111010100011001010
110000000111111000100011001
010000000111110110010011001
010000010001111110110100101
010000001111010001100101000
101111110100100100010101010
010000000011100101001100011
101111101011100000011000000
110000000001001110110000000
010000000001010111100000010
010000001001001101011011111
010000010000001000000100110
001111111111000110001101010
110000001101100010100110010
