010000001100100101101100010
010000000010100101101011011
010000010001001001100110111
010000010001001001001011000
101111111100100001001010100
010000000100011101011001000
010000000110010011000111111
010000000100011100000010111
110000001000111011000100111
010000000111100101100001011
101111111001110011010000011
110000001100100001100110110
010000001000010111111110010
010000000100011010000110100
010000010001001100011110001
010000001010000011001111100
010000001111101000101101100
110000001110000001110011101
010000001100100100100100011
110000001100001000101101110
110000000011110111100000001
010000010000010110000000100
110000000001100100000111100
001111110001110110101110111
001111111011000000110000010
110000001101100000110100000
110000001101010111111100000
010000000111001000110001110
110000001010110101110100011
001111110100010001010000001
110000001111101110111110000
010000001100101100010010111
110000001001100110101110110
110000001100101110011110001
010000001110110001011000110
010000001110000111110000100
101111111111101101011111000
110000001100101001001100100
010000010000000011011110100
110000000100111110111000000
010000001011001101011100011
110000010000000100100010011
001111111100000010001000101
010000001100110110010000011
010000000011111011011110001
001111110111000010101111011
010000000110111100010010100
010000001011001101011000011
101111101000011101000000111
001111100010111001000001110
010000000011100010111010001
110000000011111100010001101
010000000001110011000100101
101111110001010011011111010
110000001010111101101000111
110000000111000111001010000
010000010000000110001111110
110000001001101011010110101
010000000000001110100011100
110000001000001000100000100
110000010000010010100010100
010000010000100100111011101
110000001010100000100011011
001111101101100001101110010
010000000110010101001011001
110000010001001111101100011
110000010000000001101001011
110000001110100010011011001
101111011110111010100010101
010000001111101000110000101
110000010001011000111010000
010000010000000110000010110
010000001100001110000011011
010000001111011101011110000
010000010001100100101101100
110000010000110011101100000
001111101101110110110001110
010000001000111001011100100
010000010001011101011010000
101111111010110100010011111
110000001101000100001000000
110000010000110010100110001
010000000100100011000111110
110000010001101100001011010
110000000010001101010000110
010000010001000010000101100
110000001001001111000011011
101111111101001010010011001
010000000101010011101001111
110000001100110111111110110
110000010001010110010001010
110000001100011000011111011
110000001101101111100110100
110000001100010111001111000
001111111110010100100011101
110000001001111011011000000
010000001100111110011001110
001111111101011100110111101
010000001100101101011101111
101111111011111101010110000
