010000010000000111011010011
110000010000000011001001011
010000010001010011000011101
101111101001010111000000110
010000010000010100001001000
110000010001010010010010011
010000001010010011110100001
110000001101001001110000110
110000010001000100111001101
110000000110101000011100110
110000000001011110011010111
101111100101000110100000000
010000001010001011111111110
110000001101011111101101101
110000000100110001001110011
110000001001110010111101001
010000010001001011111001001
110000001001101100110001110
110000001010010000100100110
110000001001111101001110011
010000001101001110111010111
110000001000100100010000001
001111111010110110011111100
010000001011001010101010110
101111110001110010111000010
010000001011110001010111100
010000000000001010001001011
010000001001111011010001001
010000010000010001000100100
010000010001111011000011010
010000010001001111001110101
010000001110101111110110111
010000001100000000001011001
110000001001011100101010100
001111111100110000001011001
010000000001110000111011000
110000010000011110110000110
110000001010011001101110001
010000010000111001010100111
010000010000000000000100011
110000000000110100100010011
110000001110101110001001011
110000010000110011011110110
110000010001101100010010001
010000001001010001001101011
110000001000001001011010110
110000001100101010001101100
110000010000011000001010001
101111111010010000110011101
001111100101110010011010000
110000000001101101100001010
010000010000110001111011000
001111111101111011010101100
110000001010110001111100110
110000001101001010111111001
010000010000011101111011010
010000010001100110000100111
101111111110100110101101010
010000001000011100101101100
110000000110011111110110101
110000001001100000000010111
010000001001001101101001011
101111110101001010110001101
110000001010101111000111100
110000000000010110111101100
010000001111011010000001111
110000001001100001100111000
010000001000110110010101111
010000001011001010010111110
110000000101010001000101011
010000001001110000110101001
010000000000110010100001000
001111111100010001101000001
110000010001011011010011000
010000001000100000011111110
010000000110100011101100100
110000010000000100001011111
110000001110000000010110000
010000000011111010110101100
010000001101000000110011011
110000000000101110011001100
110000000000000011110011001
010000000010001111001110010
010000010001101011100110100
110000001100000100110100010
010000010000011010000001100
101111111100010110001010011
010000010001101010010011101
001111110100100001010011110
110000001110111000010010000
001111111001110010101011111
110000000010011111001001011
010000001110001110001000110
101111111011011110101100000
110000001010111100111101011
110000001000011000011110001
010000010001101001110011110
110000001111101100000111000
110000001001100100100010010
110000000110111110111000010
