010000001000000010010000111
110000001010001110001111111
010000000101111010001000000
101111110010011100011111110
010000001001100101101110011
010000001000111010101010011
110000001001000011101111010
010000010000000110000111000
101111110011000101010000001
010000000101110111001111111
110000010000011101100101001
110000000110010001111110011
110000001001101000000110111
110000001110011011100111001
110000010001010111001100101
010000000010111000010110101
110000010001111101000001101
110000000111011101000010111
110000000111001001010011101
101111101010010001001101110
010000010000111110101100111
101111101100110011110011001
110000001001101101011011001
001111101100010101011110011
010000010001010110110111011
110000001001101000110111101
010000010001000100111100010
110000001011110111111111101
110000001011001101110111111
110000010000110001101100111
110000001100111100010100100
010000010001011101000101101
010000000110001110111100011
110000000110010001000011011
110000001011000011100010100
010000001101101000011010101
110000010001111110101001101
101111101111010101111000110
110000010001110100101110111
110000000011111111011110011
110000001010100101100110110
010000001111101010111011111
010000000110101010101100111
101111011101001000011000100
001111101111011111101100011
110000010000100100111110010
010000010001001100101011101
010000000100001001111001011
110000001110111010111101101
010000001011011001100101001
110000001111110110110001110
110000001001101001111101111
110000010000011100111010100
010000010000100110011101000
110000000111101010011000000
010000001011101111010101010
010000000111100100111111011
001111111100111000010110100
010000010000000111111100010
010000001100100011000111100
001111110110111100001111111
101111110010110001000111100
001111111000111010010110101
110000010000001101111111001
010000000010101010100111010
110000000100111100011011011
101111111011001100101111100
110000000010010010000010100
010000001110010110101000100
110000000111111111011110111
001111111101101101011100110
010000010001111101010101010
001111111111100101111011100
001111111111111010001000100
110000010000011111100101001
110000001100001001000000010
110000000111101010001000000
110000001000001110010110000
001111111111011110000011000
101111111110001111100000001
110000001111011101100101010
010000001111110100001000100
010000010000000111001110101
101111111101100000001010100
010000000101100100101110000
110000001000110001100101001
101111111010111101101110111
110000001010010111001001101
101111101011001111100000101
110000010001001111101001110
101111111001101101011001110
101111011100001110011100010
010000010001000111111101011
001111111011000001111101101
001111110010011011111010000
110000010001000100100110100
110000001011101111100000000
101111111101010110001000101
010000001011011111000101010
110000010000011101100000000
