010000111000010110010000111
110000101001000100011111101
010001000011000100111100101
010000100001000111011011111
010000011000100001110110110
110000100111010101101111000
010000101011000000111011000
110000100011101010011100010
110000110001100011000111110
110000010011011100110001100
110000001001100000000110001
110000000001001101001101000
010000101000010000100101101
110000101100000001011110100
110000110111110010000001100
110000101111010111110100110
010001000000111001110010000
110000111000101111001010100
110000110000110000011101101
110000110100001100010010010
010000100101101110001001101
110000110111101000100010000
010000011001110001110001101
010000011000000100101001000
110000011100001011011110110
010000111001000100110011101
010000101110110001010011111
010000101000010010101111001
010000111000100011001111010
110000010001000100100010010
010001000001111111110000011
010000110110101111101000100
010000110000111110100010101
110000110001100100111110110
010000101011111010100100001
010000101100001101010101000
110000011101110110001100000
110000110100011100001101100
010001000000111111011011011
010000101011010001001111011
110000101100111011001110000
110001000000011101111110001
110000100000010011010000000
110000111110100111100110000
010000100101001111110010011
010000001011110010011101000
110000101100100110001111111
110000110100111001101100110
101111110101111101101000010
010000001110111000010010110
010000000111111101111101000
010000100111110101001111000
110000010001101101111010110
001111111000011110000110110
110000110010110101111010001
010000101111100101111000001
010001000001101010000001110
110000100100100000011100111
001111110101110000100100000
110000100101110100100010000
110000111011100100101001010
010000111010100001011010011
110000100111100001111111001
101111111010001100110111010
110000100001101111100100000
010001000001001110010010000
110000111000110111010001000
010000111000110110001010110
010000000111100000000110011
110000110010011110110001010
010000111101011100101010010
010000110010010101011110101
010000010100001100010100100
110001000000110101000011100
010000111100001011111101111
010000111011000011100011010
010000001111001101100011110
110000101111001001100111010
010000111010010010111011011
010000010110110101000101111
110000110000000110111101001
110000110001111111100001101
010000001111111101001100100
010001000111000110111011001
110000100001101111111011000
010001000001010100000111110
110000100001000101111010100
010000011110010110101010100
010000011100111001101101110
110000111011010101001000111
010000100010110011001110100
110000101100000011010101101
010000111001111101100011001
110000100101001111011110101
110000011011111111100111001
110000101110000100011011000
010000111101110001100001111
101111101100011010001000000
110000110011001101100101101
110000001010000010011111000
110000001010000010011111000
110000001010000010011111000
110000001010000010011111000
110000001010000010011111000
110000001010000010011111000
110000001010000010011111000
110000001010000010011111000
110000001010000010011111000
110000001010000010011111000
110000001010000010011111000
110000001010000010011111000
110000001010000010011111000
110000001010000010011111000
110000001010000010011111000
110000001010000010011111000
110000001010000010011111000
110000001010000010011111000
110000001010000010011111000
110000001010000010011111000
110000001010000010011111000
110000001010000010011111000
110000001010000010011111000
110000001010000010011111000
110000001010000010011111000
110000001010000010011111000
110000001010000010011111000
110000001010000010011111000
110000001010000010011111000
110000001010000010011111000
110000001010000010011111000
110000001010000010011111000
110000001010000010011111000
110000001010000010011111000
110000001010000010011111000
110000001010000010011111000
110000001010000010011111000
110000001010000010011111000
110000001010000010011111000
110000001010000010011111000
110000001010000010011111000
110000001010000010011111000
110000001010000010011111000
110000001010000010011111000
110000001010000010011111000
110000001010000010011111000
110000001010000010011111000
110000001010000010011111000
110000001010000010011111000
110000001010000010011111000
110000001010000010011111000
110000001010000010011111000
110000001010000010011111000
110000001010000010011111000
110000001010000010011111000
110000001010000010011111000
110000001010000010011111000
110000001010000010011111000
110000001010000010011111000
110000001010000010011111000
110000001010000010011111000
110000001010000010011111000
110000001010000010011111000
110000001010000010011111000
110000001010000010011111000
110000001010000010011111000
110000001010000010011111000
110000001010000010011111000
110000001010000010011111000
110000001010000010011111000
110000001010000010011111000
110000001010000010011111000
110000001010000010011111000
110000001010000010011111000
