7.904258
3.353122
-3.830793
-3.435700
-1.043902
8.701463
2.427209
2.429261
6.170709
2.404140
0.843960
5.714735
1.423735
1.430212
-5.303502
-5.402207
-3.602447
0.627306
-4.429277
-4.673008
0.516312
1.204471
-3.247634
9.001325
-6.345617
1.103566
-4.173508
8.868969
5.741580
-8.520542
1.459268
1.130337
-1.214284
0.785721
0.954764
-4.509124
3.226035
-5.293285
1.475864
9.518398
-3.980018
-1.487158
9.771230
8.603352
-4.225038
-6.734997
-7.898137
2.192177
3.293187
-0.394571
-2.287510
9.350962
0.253541
0.327196
-1.801161
6.707187
-0.853368
-2.589308
-3.787735
7.526185
8.202327
5.700592
5.065979
-9.818988
0.808742
-4.367244
-4.764473
4.043385
-4.695726
-4.275218
7.772626
-7.982876
-5.529159
-3.694919
2.404134
-9.288747
-7.528255
-1.069264
-3.837602
-3.590174
3.889837
0.134914
2.999109
-5.665726
-0.605969
-3.952363
-3.119844
-9.403863
6.488507
8.932521
-1.886316
-0.323401
3.431578
8.089600
3.553361
-5.892673
8.671557
1.921078
-3.121583
-1.571297
