010000101100111111110100111
010000101100011001100100111
010000101100011010001011100
010000101100010000011101101
010000101100011001001101001
010000101100010011001100111
010000101100111110010110000
010000101100100110010111110
010000101100100111110000111
010000101100101111011010001
010000101100110111111011001
010000101100100000110100010
010000101100011111010101110
010000101100101001110100111
010000101100010100000001100
010000101100100010111001001
010000101100000110000111100
010000101100110110010010000
010000101100100101000010000
010000101100010100010001111
010000101100100001101001011
010000101100011010100000101
010000101100000110010001111
010000101100010001100110111
010000101100101000110111011
010000101100101111101011001
010000101100111011111100000
010000101100010011111001001
010000101100100011111100011
010000101100001000111110011
010000101100101010101011000
010000101100010100011110010
010000101100010010110001011
010000101100100001100010011
010000101100110101000000001
010000101100101110000110011
010000101100111000111000110
010000101100000101111100101
010000101100000110100111110
010000101100001100111011001
010000101100001000111101100
010000101100000010011011111
010000101100100110110110010
010000101100110100001011101
010000101100000001001000110
010000101100111001101001100
010000101100110001100001111
010000101100100100010110110
010000101100101010101101011
010000101100111011101010011
010000101100100011010101001
010000101100110000101100011
010000101100110010001010011
010000101100100101111011111
010000101100111011110011011
010000101100000101011000010
010000101100110110100100110
010000101100011111011000010
010000101100111101001101111
010000101100001101110011111
010000101100001110010110110
010000101100010110100110100
010000101100001001100101011
010000101100010001011011101
010000101100000001100010001
010000101100011001000100011
010000101100011000100110011
010000101100011001111111101
010000101100101010000111110
010000101100011011111011011
010000101100101110110110010
010000101100010111000010000
010000101100100110101001100
010000101100111111001011111
010000101100011101001010010
010000101100110000100000111
010000101100110010000110100
010000101100010010001100010
010000101100001111000001011
010000101100111101011010111
010000101100110101011000010
010000101100100000111010000
010000101100111110010011101
010000101100011010000010001
010000101100101100001011000
010000101100010100000110010
010000101100001111000101011
010000101100101111000110110
010000101100110000111101100
010000101100100101101011010
010000101100010111011000110
010000101100010100000110111
010000101100101000001111010
010000101100111111100010001
010000101100101001010100010
010000101100000101110010111
010000101100111001110100010
010000101100000011100110101
010000101100011000000110011
010000101100101110010010000
