010000101100111101011101000
010000101100101001100101111
010000101100100101001011010
010000101100100000101111101
010000101100110110010110000
010000101100000111100101111
010000101100011110010010111
010000101100110000111101000
010000101100100001000001001
010000101100010000100111011
010000101100110110011111010
010000101100000000011000010
010000101100010110111110110
010000101100110101101010001
010000101100010011100100010
010000101100101001000011010
010000101100100010111110110
010000101100000010110011111
010000101100000011111011110
010000101100010111011101001
010000101100110110000011010
010000101100000110110010000
010000101100111101110100110
010000101100010110101110111
010000101100100001111001110
010000101100101001111001111
010000101100001000100110010
010000101100111000011111010
010000101100001101110000110
010000101100101111010000110
010000101100101101110010010
010000101100111101100110110
010000101100110111000000011
010000101100011000111110000
010000101100010000101001001
010000101100111111101100110
010000101100101101001010000
010000101100000100001110110
010000101100011010110100100
010000101100111001010000010
010000101100010101111010001
010000101100010111001010010
010000101100010111011100110
010000101100100000101110111
010000101100001111111011101
010000101100010000010111111
010000101100001000011100010
010000101100011010111011000
010000101100010101101111111
010000101100100010100010101
010000101100110001000100111
010000101100000111001011000
010000101100100101111000010
010000101100101101111111001
010000101100111100010000111
010000101100011000110001100
010000101100111010100011100
010000101100110001011101110
010000101100111011100011101
010000101100111011011110000
010000101100000101111001101
010000101100000011000010111
010000101100010110001100011
010000101100101001111100101
010000101100001110010010000
010000101100110011010100110
010000101100101010010011011
010000101100101000110011011
010000101100001111001101110
010000101100101010111000101
010000101100110001010001011
010000101100010101101100001
010000101100011110110011111
010000101100100011010000000
010000101100000110011110101
010000101100101000101011100
010000101100110001010101010
010000101100110001001001001
010000101100000001010010010
010000101100101101100101000
010000101100011101111110000
010000101100000001000001000
010000101100010010110011111
010000101100001000111010101
010000101100110101110000000
010000101100001000011000000
010000101100010110001000010
010000101100001010101111101
010000101100010110010110100
010000101100100110000111001
010000101100110110111011111
010000101100011100100101101
010000101100011001110000000
010000101100101001101111101
010000101100010010110101010
010000101100110000110101011
010000101100011100010000000
010000101100111011100001001
010000101100100101000100101
010000101100100000110110010
