001111110110110100000000000
110000000001010001111000100
110000001100110101010100001
001111111010110001101010100
110000010000110100010110101
010000001010000100011100000
110000001110111100110000110
010000000111011101111101100
110000001100010111101111000
010000001100101010001000100
010000001110011111100011101
110000000111000010110000000
010000001100011110111011100
010000001101001110010111110
110000001001110110110101111
010000010000111011111110010
110000000000011100110101001
010000010000111110101000010
110000000101101111011001011
001111101101101010001000100
001111111110111010111010110
101111110001010000100010101
110000001011010111011000111
001111101000111100001000000
010000001011001101011101000
110000000101000100010010110
010000000001111110000100101
110000001101011000101000100
101111111100001101101001010
010000001011110111010000111
110000001000111011011011110
010000000101010110111001111
010000000100010011100000010
010000000101101000100000011
101111101000110110001010001
110000000110100011010101100
101111101110111000011100011
110000010000100100111110011
110000001000110001011010111
110000001010010010000000111
010000000100100010111111111
010000010000110101111110011
010000001011100101111001000
010000000010101011010011010
110000010000000001000011100
110000000100001111101111011
101111111010101010101011110
010000001111101111111001011
010000000010111110110001110
101111111110100011001000011
010000001010111001010011001
010000001000010111010111011
101111111001001111100001001
110000001010010100111011011
010000000000101011011010011
110000010001101101111000010
001111110010000011100110100
110000001001010101001111001
110000001011111101000001010
101111110111110010010101001
110000000101100100001101001
101111110101101100000001010
110000001001011111111100011
110000010001110110010110010
001111111011110011101110000
101111110001000011001010110
101111100011010000010010111
001111100101000100111001111
110000000111011111000100100
010000001110001001111010111
110000001111111000101100011
001111111110111101101010110
101111110101110010111111010
010000010001000000010101001
010000000111110010101111101
010000001000000111001100000
010000001110101111100101001
010000000101000100000010100
010000001001000111001101111
010000010001001110111100111
010000001110100000000111011
110000001100100011100101101
010000000101111110110011111
010000010001111101100010000
110000010000100111100110001
110000010000110101011101011
010000000110001011011100111
110000010000001010010011001
101111111100100100010111011
110000010000001111111000110
010000010000111010010101101
010000001000111111010110010
101111111000100100000111011
101111111100001000011101000
110000001000001110111000111
101111111110011100100101001
101111111001010101011101010
110000000001001000111011011
110000000110011100110010101
110000001001111000101110110
