110000010001110010000010110
110000001000100100001010011
110000000010010001111111100
110000001000100101101011101
110000001000000110010010101
110000000011011101010101000
110000010001011000001101101
010000001110110011011110101
110000001110011011000101100
110000010001001100011101000
010000000001011110111010111
010000000011001011111011111
001111111100111010100000001
101111110011110011011011010
001111101000001110010000011
101111111011101010011101110
101111100101010000100001000
010000010001101001010001000
010000001011110000110110110
101111111110011100010011110
101111110101110011110100000
110000000100001010000000111
110000010000001011100000110
010000010000111100011100111
110000001011111000100100101
001111100011001001111111011
010000001110111011001100101
010000001001011000100000011
110000001110101111000100010
110000000111101010101010100
010000001101101000111101010
010000001000101101101111011
010000001110011000000011010
110000001111101100110100001
110000000000010010001011001
010000010000100100101111110
101111101111100010000001110
010000001111000010001000111
110000010001000101001011101
110000010001000100011101001
010000010001000000000101101
110000001001000111100111110
010000001010010110111110101
010000010000011000110011111
110000000001101100010011101
010000001110110001011101110
110000010001001101011001000
110000010001011010101110011
010000001010010010001100111
001111110101100000000010000
101111111010000010000101001
110000001111011001011110010
110000010000110101100010010
010000001111101100100101000
101111111101010100111101111
101111110001011111111001110
110000000100000111000100000
110000001001111100000111001
110000000011100101011010001
110000001010110001000101101
101111111101100100011100000
110000001000010110111010011
001111111111011000000011110
101111101011011011001110010
010000001011110110001010101
101111110110000000111111010
010000000110110110110010001
010000001010100011010101010
110000010000101100110111100
110000000101100111011110110
010000001000111000100011110
010000001111101010111101001
010000010000011011101000000
110000001000001111010101111
110000001100101010001111100
010000001111000111010010110
110000001001111010000101011
010000001111011100001001001
010000000110010100110100111
101111111100100101111011010
110000001010100010101100100
010000001000101110110010110
010000010000010010111000001
001110111110000110001110101
010000000100001110111111001
010000000010110111001100010
010000000101010000100100111
010000001101001100110110000
010000010001010111101010111
110000000000000001001001110
010000001110011110001001001
110000001011001110011001010
110000001010111010010001000
110000001111111110000001101
001111110100010111110101111
010000001101000100100111110
010000001001111101100011101
010000000001111101111011100
110000001001101110111001010
010000000101110011001001100
